510
472
448
490
494
459
529
480
514
495
496
452
468
471
510
457
503
491
455
436
457
490
465
455
478
497
497
474
439
524
498
455
438
468
467
464
464
439
505
477
439
481
521
475
468
486
477
459
482
466
494
506
522
527
432
459
509
479
461
454
518
493
451
497
474
459
503
455
477
434
464
513
437
481
520
508
511
467
448
521
512
531
509
490
493
501
519
467
482
517
512
485
509
506
483
488
455
498
469
507
472
508
427
485
488
433
452
485
499
453
445
457
487
476
499
452
466
477
460
473
461
541
506
505
484
511
520
485
454
499
489
490
495
457
482
492
420
528
470
460
442
464
485
451
499
443
467
455
470
457
472
482
501
475
446
478
463
471
449
474
447
468
469
489
511
476
475
473
485
494
515
502
498
468
483
489
481
481
505
445
464
487
473
472
474
451
431
542
451
459
507
450
501
484
477
505
496
471
455
556
509
481
473
467
478
488
448
491
457
519
450
495
496
480
458
470
492
449
503
482
465
456
481
476
483
467
479
478
449
482
475
474
497
511
494
498
485
487
476
505
513
478
501
472
483
457
475
465
492
509
438
472
438
488
486
467
461
512
519
474
492
477
485
475
487
487
484
458
498
480
468
466
447
499
482
478
498
503
497
479
490
538
501
473
475
486
490
497
456
496
484
502
492
497
473
501
474
509
463
476
513
507
495
436
491
478
506
476
454
494
462
484
497
504
458
477
442
519
497
457
440
483
510
494
475
481
477
523
499
473
506
515
430
470
474
496
480
480
467
513
479
471
524
456
494
472
497
484
445
456
477
485
461
460
478
465
506
434
465
496
443
486
515
482
448
486
452
470
484
437
463
502
486
479
466
526
461
505
474
471
465
510
498
460
482
469
481
472
472
472
484
479
470
459
497
484
486
497
486
506
460
516
481
469
484
457
468
480
460
480
448
475
483
473
542
510
479
514
459
469
483
503
464
448
490
526
496
453
490
502
476
468
494
506
489
489
441
467
483
499
457
514
486
486
432
454
505
453
502
474
467
474
476
458
493
499
454
451
481
466
524
435
508
466
490
449
433
473
507
496
479
488
537
473
476
474
494
462
516
485
455
432
480
494
465
506
515
485
503
506
494
504
485
485
459
458
481
482
504
468
480
448
465
469
465
493
472
500
457
449
487
451
482
483
456
474
483
482
462
446
500
481
497
491
490
502
495
459
517
501
467
470
470
467
486
474
485
484
457
459
459
473
505
491
458
501
493
494
478
518
469
495
502
470
468
512
457
457
468
454
474
444
477
512
493
502
487
467
468
484
468
482
495
483
494
476
463
503
472
507
458
470
464
460
521
490
506
448
472
469
475
485
471
481
494
480
501
489
466
464
487
494
447
517
473
466
472
465
462
485
556
507
465
494
456
511
472
516
499
465
462
486
496
447
493
493
490
525
466
493
486
469
500
456
491
493
488
503
476
494
494
458
514
523
483
439
477
476
476
510
477
495
476
487
498
477
499
516
493
489
481
463
495
471
483
543
464
493
462
478
452
501
473
449
503
453
463
486
467
483
471
465
480
504
502
487
466
503
486
484
481
505
510
471
516
500
500
482
443
507
462
497
475
484
477
483
465
485
469
469
452
500
494
453
478
506
464
467
503
493
461
477
459
501
502
463
531
505
459
480
471
487
487
535
479
470
463
472
494
486
510
475
475
489
490
489
466
485
483
464
462
478
493
459
444
437
451
476
486
489
463
466
474
479
470
462
456
515
474
490
479
464
456
483
452
460
477
445
474
472
467
469
502
510
455
471
489
475
488
495
518
457
467
500
456
467
479
445
477
470
463
475
496
481
477
485
477
478
439
447
503
501
494
477
437
485
491
503
512
487
481
481
492
465
493
479
466
472
435
472
479
448
484
505
505
490
484
476
436
430
507
528
481
509
481
456
508
480
477
495
460
482
462
462
499
473
439
464
481
481
516
480
490
481
481
503
482
462
491
490
503
482
476
484
480
482
454
487
483
509
480
455
499
497
447
483
490
477
469
471
511
462
442
478
473
476
495
487
472
467
506
505
449
454
463
487
432
480
468
473
495
468
495
453
513
476
455
438
514
482
484
487
452
469
479
499
450
479
454
483
462
456
510
486
519
468
518
458
475
477
483
476
479
448
461
490
473
454
514
490
449
489
450
447
495
471
488
454
541
528
503
452
464
519
483
505
514
480
475
525
477
454
466
453
537
483
472
523
452
495
485
469
476
514
522
465
510
511
469
483
482
470
514
464
488
450
478
460
440
493
